-1891.484283
-1891.484283
-1891.524960
-1891.720389
-1891.902350
-1892.071113
-1892.227908
-1892.374077
-1892.510865
-1892.639348
-1892.760441
-1892.874910
-1892.983408
-1893.086484
-1893.184608
-1893.278188
-1893.367575
-1893.453074
-1893.534953
-1893.613450
-1893.688776
-1893.761123
-1893.830661
-1893.897551
-1893.961939
-1894.023965
-1894.083752
-1894.141429
-1894.197112
-1894.250914
-1894.302944
-1894.353304
-1894.402095
-1894.449408
-1894.495334
-1894.539955
-1894.583352
-1894.625596
-1894.666756
-1894.706896
-1894.746074
-1894.784344
-1894.821756
-1894.858356
-1894.894184
-1894.929281
-1894.963680
-1894.997414
-1895.030512
-1895.063002
-1895.094907
-1895.126252
-1895.157055
-1895.187336
-1895.217113
-1895.246402
-1895.275216
-1895.303570
-1895.331475
-1895.358943
-1895.385984
-1895.412608
-1895.438824
-1895.464639
-1895.490061
-1895.515096
-1895.539750
-1895.564030
-1895.587941
-1895.611486
-1895.634672
-1895.657500
-1895.679976
-1895.702102
-1895.723881
-1895.745316
-1895.766411
-1895.787166
-1895.807584
-1895.827667
-1895.847417
-1895.866836
-1895.885926
-1895.904687
-1895.923122
-1895.941232
-1895.959019
-1895.976484
-1895.993629
-1896.010455
-1896.026966
-1896.043162
-1896.059045
-1896.074618
-1896.089884
-1896.104844
-1896.119501
-1896.133859
-1896.147921
-1896.161689
-1896.175168
-1896.175168
-1896.175168
-1896.183178
-1896.218875
-1896.248461
-1896.273345
-1896.294741
-1896.313533
-1896.330345
-1896.345613
-1896.359651
-1896.372688
-1896.384894
-1896.396397
-1896.407297
-1896.417671
-1896.427578
-1896.437061
-1896.446200
-1896.455088
-1896.463658
-1896.471941
-1896.479937
-1896.487670
-1896.495141
-1896.502510
-1896.509646
-1896.516589
-1896.523350
-1896.530002
-1896.536463
-1896.542810
-1896.549019
-1896.555082
-1896.561036
-1896.566867
-1896.572598
-1896.578214
-1896.583719
-1896.589124
-1896.594439
-1896.599639
-1896.604760
-1896.609802
-1896.614742
-1896.619608
-1896.624383
-1896.629092
-1896.633710
-1896.638257
-1896.642745
-1896.647154
-1896.651491
-1896.655772
-1896.659981
-1896.664117
-1896.668206
-1896.672232
-1896.676191
-1896.680108
-1896.683956
-1896.687756
-1896.691489
-1896.695190
-1896.698809
-1896.702411
-1896.705921
-1896.709427
-1896.712819
-1896.716208
-1896.719536
-1896.722832
-1896.726076
-1896.729292
-1896.732435
-1896.735567
-1896.738640
-1896.741695
-1896.744636
-1896.747620
-1896.750504
-1896.753396
-1896.756215
-1896.759037
-1896.761738
-1896.764496
-1896.767165
-1896.769832
-1896.772445
-1896.775048
-1896.777594
-1896.780138
-1896.782575
-1896.785059
-1896.787431
-1896.789861
-1896.792177
-1896.794549
-1896.796805
-1896.799123
-1896.801324
-1896.801324
-1896.801324
-1896.801930
-1896.804331
-1896.806414
-1896.808463
-1896.810527
-1896.812611
-1896.814711
-1896.816821
-1896.818925
-1896.820996
-1896.823065
-1896.825042
-1896.827062
-1896.828922
-1896.830895
-1896.832711
-1896.834630
-1896.836363
-1896.838217
-1896.839973
-1896.841776
-1896.843525
-1896.845289
-1896.846964
-1896.848688
-1896.850396
-1896.852080
-1896.853710
-1896.855352
-1896.856953
-1896.858557
-1896.860138
-1896.861704
-1896.863231
-1896.864758
-1896.866264
-1896.867761
-1896.869238
-1896.870707
-1896.872154
-1896.873593
-1896.875022
-1896.876436
-1896.877819
-1896.879203
-1896.880550
-1896.881903
-1896.883224
-1896.884547
-1896.885847
-1896.887146
-1896.888432
-1896.889709
-1896.890973
-1896.892224
-1896.893459
-1896.894683
-1896.895897
-1896.897093
-1896.898283
-1896.899459
-1896.900627
-1896.901778
-1896.902925
-1896.904059
-1896.905183
-1896.906292
-1896.907396
-1896.908484
-1896.909567
-1896.910639
-1896.911702
-1896.912750
-1896.913795
-1896.914826
-1896.915852
-1896.916863
-1896.917871
-1896.918860
-1896.919852
-1896.920828
-1896.921801
-1896.922760
-1896.923716
-1896.924655
-1896.925596
-1896.926522
-1896.927447
-1896.928360
-1896.929269
-1896.930162
-1896.931056
-1896.931938
-1896.932817
-1896.933689
-1896.934555
-1896.935408
-1896.936259
-1896.937099
-1896.937099
-1896.937099
-1896.937491
-1896.937867
-1896.938222
-1896.938974
-1896.939738
-1896.940530
-1896.941343
-1896.942171
-1896.943004
-1896.943834
-1896.944662
-1896.945474
-1896.946288
-1896.947079
-1896.947874
-1896.948641
-1896.949415
-1896.950167
-1896.950920
-1896.951656
-1896.952391
-1896.953116
-1896.953833
-1896.954533
-1896.955232
-1896.955918
-1896.956598
-1896.957270
-1896.957934
-1896.958590
-1896.959236
-1896.959877
-1896.960507
-1896.961132
-1896.961748
-1896.962357
-1896.962958
-1896.963552
-1896.964139
-1896.964718
-1896.965291
-1896.965855
-1896.966414
-1896.966963
-1896.967509
-1896.968045
-1896.968578
-1896.969102
-1896.969623
-1896.970137
-1896.970646
-1896.971148
-1896.971645
-1896.972136
-1896.972622
-1896.973103
-1896.973579
-1896.974048
-1896.974514
-1896.974973
-1896.975430
-1896.975880
-1896.976327
-1896.976766
-1896.977205
-1896.977636
-1896.978066
-1896.978486
-1896.978907
-1896.979329
-1896.979746
-1896.980155
-1896.980565
-1896.980968
-1896.981371
-1896.981783
-1896.982186
-1896.982579
-1896.982978
-1896.983373
-1896.983767
-1896.984172
-1896.984566
-1896.984954
-1896.985346
-1896.985733
-1896.986120
-1896.986513
-1896.986898
-1896.987282
-1896.987667
-1896.988045
-1896.988425
-1896.988810
-1896.989188
-1896.989561
-1896.989936
-1896.990305
-1896.990677
-1896.990677
-1896.990677
-1896.990818
-1896.990883
-1896.991305
-1896.991692
-1896.992090
-1896.992495
-1896.992899
-1896.993300
-1896.993693
-1896.994081
-1896.994457
-1896.994826
-1896.995185
-1896.995534
-1896.995875
-1896.996206
-1896.996528
-1896.996843
-1896.997149
-1896.997449
-1896.997742
-1896.998030
-1896.998312
-1896.998591
-1896.998866
-1896.999136
-1896.999405
-1896.999672
-1896.999933
-1897.000197
-1897.000455
-1897.000715
-1897.000972
-1897.001231
-1897.001487
-1897.001748
-1897.002006
-1897.002265
-1897.002525
-1897.002777
-1897.003035
-1897.003289
-1897.003548
-1897.003803
-1897.004065
-1897.004321
-1897.004582
-1897.004839
-1897.005100
-1897.005357
-1897.005619
-1897.005873
-1897.006132
-1897.006383
-1897.006639
-1897.006885
-1897.007134
-1897.007375
-1897.007619
-1897.007851
-1897.008087
-1897.008310
-1897.008536
-1897.008749
-1897.008963
-1897.009161
-1897.009363
-1897.009543
-1897.009730
-1897.009872
-1897.009987
-1897.010105
-1897.010521
-1897.010902
-1897.011249
-1897.011594
-1897.011898
-1897.012197
-1897.012481
-1897.012741
-1897.012989
-1897.013224
-1897.013450
-1897.013664
-1897.013871
-1897.014072
-1897.014270
-1897.014462
-1897.014654
-1897.014844
-1897.015034
-1897.015223
-1897.015412
-1897.015602
-1897.015792
-1897.015985
-1897.016179
-1897.016374
-1897.016573
-1897.016573
-1897.016573
-1897.016678
-1897.016742
-1897.017004
-1897.017219
-1897.017457
-1897.017680
-1897.017886
-1897.018064
-1897.018215
-1897.018373
-1897.018517
-1897.018647
-1897.018778
-1897.018911
-1897.019044
-1897.019184
-1897.019325
-1897.019470
-1897.019612
-1897.019755
-1897.019897
-1897.020038
-1897.020178
-1897.020316
-1897.020451
-1897.020585
-1897.020716
-1897.020848
-1897.020977
-1897.021106
-1897.021232
-1897.021359
-1897.021489
-1897.021620
-1897.021752
-1897.021885
-1897.022022
-1897.022159
-1897.022301
-1897.022443
-1897.022587
-1897.022735
-1897.022884
-1897.023035
-1897.023187
-1897.023342
-1897.023499
-1897.023657
-1897.023816
-1897.023976
-1897.024142
-1897.024305
-1897.024466
-1897.024631
-1897.024795
-1897.024962
-1897.025127
-1897.025296
-1897.025471
-1897.025644
-1897.025812
-1897.025986
-1897.026156
-1897.026331
-1897.026506
-1897.026684
-1897.026855
-1897.027034
-1897.027204
-1897.027383
-1897.027567
-1897.027749
-1897.027921
-1897.028105
-1897.028277
-1897.028457
-1897.028641
-1897.028821
-1897.028990
-1897.029167
-1897.029333
-1897.029506
-1897.029678
-1897.029847
-1897.030013
-1897.030180
-1897.030339
-1897.030496
-1897.030648
-1897.030797
-1897.030940
-1897.031080
-1897.031212
-1897.031342
-1897.031464
-1897.031584
-1897.031694
-1897.031804
-1897.031911
-1897.031911
-1897.031911
-1897.031913
-1897.031950
-1897.031969
-1897.032059
-1897.032179
-1897.032315
-1897.032393
-1897.032534
-1897.032664
-1897.032780
-1897.032882
-1897.032973
-1897.033061
-1897.033148
-1897.033240
-1897.033331
-1897.033425
-1897.033512
-1897.033604
-1897.033695
-1897.033782
-1897.033872
-1897.033960
-1897.034047
-1897.034134
-1897.034219
-1897.034303
-1897.034373
-1897.034454
-1897.034521
-1897.034570
-1897.034633
-1897.034673
-1897.034720
-1897.034741
-1897.034776
-1897.034799
-1897.034828
-1897.034863
-1897.034911
-1897.034949
-1897.034997
-1897.035026
-1897.035069
-1897.035118
-1897.035152
-1897.035185
-1897.035223
-1897.035267
-1897.035305
-1897.035341
-1897.035367
-1897.035408
-1897.035453
-1897.035493
-1897.035526
-1897.035558
-1897.035588
-1897.035622
-1897.035655
-1897.035688
-1897.035722
-1897.035750
-1897.035781
-1897.035808
-1897.035837
-1897.035865
-1897.035894
-1897.035925
-1897.035949
-1897.035978
-1897.036007
-1897.036034
-1897.036059
-1897.036077
-1897.036095
-1897.036116
-1897.036138
-1897.036155
-1897.036172
-1897.036189
-1897.036203
-1897.036218
-1897.036233
-1897.036248
-1897.036262
-1897.036278
-1897.036292
-1897.036305
-1897.036316
-1897.036331
-1897.036341
-1897.036351
-1897.036362
-1897.036373
-1897.036381
-1897.036388
-1897.036400
-1897.036400
-1897.036407
-1897.036407
-1897.036353
-1897.036403
-1897.036411
-1897.036413
-1897.036419
-1897.036422
-1897.036425
-1897.036430
-1897.036434
-1897.036437
-1897.036439
-1897.036444
-1897.036448
-1897.036451
-1897.036457
-1897.036461
-1897.036470
-1897.036473
-1897.036476
-1897.036479
-1897.036483
-1897.036487
-1897.036490
-1897.036497
-1897.036482
-1897.036498
-1897.036504
-1897.036506
-1897.036510
-1897.036515
-1897.036518
-1897.036523
-1897.036526
-1897.036529
-1897.036532
-1897.036537
-1897.036539
-1897.036542
-1897.036546
-1897.036539
-1897.036547
-1897.036552
-1897.036555
-1897.036558
-1897.036563
-1897.036562
-1897.036566
-1897.036570
-1897.036573
-1897.036577
-1897.036581
-1897.036586
-1897.036590
-1897.036593
-1897.036598
-1897.036602
-1897.036605
-1897.036608
-1897.036613
-1897.036617
-1897.036621
-1897.036624
-1897.036629
-1897.036632
-1897.036635
-1897.036639
-1897.036643
-1897.036646
-1897.036648
-1897.036651
-1897.036656
-1897.036660
-1897.036663
-1897.036665
-1897.036669
-1897.036672
-1897.036676
-1897.036680
-1897.036686
-1897.036689
-1897.036694
-1897.036698
-1897.036702
-1897.036708
-1897.036711
-1897.036715
-1897.036718
-1897.036724
-1897.036726
-1897.036731
-1897.036735
-1897.036738
-1897.036744
-1897.036738
-1897.036745
-1897.036749
-1897.036750
-1897.036752
-1897.036756
-1897.036756
-1897.036756
-1897.036756
