-1889.932567
-1889.932568
-1889.971411
-1890.157840
-1890.331104
-1890.491498
-1890.640238
-1890.778644
-1890.907952
-1891.029227
-1891.143375
-1891.251158
-1891.353221
-1891.450108
-1891.542286
-1891.630152
-1891.714051
-1891.794277
-1891.871097
-1891.944740
-1892.015408
-1892.083282
-1892.148526
-1892.211287
-1892.271704
-1892.329904
-1892.386005
-1892.440121
-1892.492361
-1892.542827
-1892.591618
-1892.638829
-1892.684551
-1892.728870
-1892.771869
-1892.813625
-1892.854213
-1892.893700
-1892.932151
-1892.969626
-1893.006181
-1893.041866
-1893.076728
-1893.110812
-1893.144158
-1893.176802
-1893.208777
-1893.240114
-1893.270842
-1893.300986
-1893.330570
-1893.359616
-1893.388143
-1893.416170
-1893.443713
-1893.470788
-1893.497407
-1893.523586
-1893.549334
-1893.574662
-1893.599582
-1893.624100
-1893.648227
-1893.671970
-1893.695334
-1893.718328
-1893.740956
-1893.763224
-1893.785137
-1893.806700
-1893.827916
-1893.848790
-1893.869324
-1893.889523
-1893.909388
-1893.928923
-1893.948130
-1893.967011
-1893.985568
-1894.003805
-1894.021721
-1894.039320
-1894.056603
-1894.073573
-1894.090229
-1894.106576
-1894.122614
-1894.138345
-1894.153772
-1894.168897
-1894.183721
-1894.198247
-1894.212479
-1894.226417
-1894.240066
-1894.253429
-1894.266508
-1894.279307
-1894.291830
-1894.304080
-1894.316062
-1894.316062
-1894.316062
-1894.322899
-1894.353000
-1894.377526
-1894.397927
-1894.415369
-1894.430665
-1894.444363
-1894.456839
-1894.468353
-1894.479091
-1894.489188
-1894.498742
-1894.507829
-1894.516505
-1894.524810
-1894.532771
-1894.540556
-1894.548054
-1894.555315
-1894.562320
-1894.569083
-1894.575727
-1894.582178
-1894.588460
-1894.594557
-1894.600549
-1894.606383
-1894.612109
-1894.617707
-1894.623187
-1894.628546
-1894.633785
-1894.638921
-1894.643976
-1894.648899
-1894.653768
-1894.658510
-1894.663190
-1894.667747
-1894.672265
-1894.676658
-1894.681023
-1894.685243
-1894.689462
-1894.693530
-1894.697579
-1894.701547
-1894.705449
-1894.709304
-1894.713081
-1894.716806
-1894.720476
-1894.724096
-1894.727636
-1894.731149
-1894.734588
-1894.737997
-1894.741303
-1894.744620
-1894.747791
-1894.751008
-1894.754082
-1894.757211
-1894.760165
-1894.763212
-1894.766146
-1894.769074
-1894.771927
-1894.774771
-1894.777579
-1894.780345
-1894.783049
-1894.785749
-1894.788361
-1894.790988
-1894.793511
-1894.796078
-1894.798560
-1894.801043
-1894.803452
-1894.805875
-1894.808223
-1894.810588
-1894.812888
-1894.815182
-1894.817412
-1894.819657
-1894.821845
-1894.824035
-1894.826185
-1894.828315
-1894.830405
-1894.832491
-1894.834533
-1894.836574
-1894.838584
-1894.840579
-1894.842550
-1894.844500
-1894.844500
-1894.844500
-1894.845041
-1894.847037
-1894.848747
-1894.850473
-1894.852242
-1894.854048
-1894.855880
-1894.857729
-1894.859566
-1894.861403
-1894.863215
-1894.865017
-1894.866800
-1894.868565
-1894.870283
-1894.872006
-1894.873651
-1894.875329
-1894.876919
-1894.878554
-1894.880133
-1894.881719
-1894.883256
-1894.884810
-1894.886285
-1894.887804
-1894.889259
-1894.890738
-1894.892159
-1894.893612
-1894.895021
-1894.896441
-1894.897804
-1894.899193
-1894.900555
-1894.901913
-1894.903236
-1894.904566
-1894.905866
-1894.907167
-1894.908449
-1894.909722
-1894.910972
-1894.912222
-1894.913459
-1894.914683
-1894.915889
-1894.917093
-1894.918281
-1894.919465
-1894.920638
-1894.921800
-1894.922945
-1894.924090
-1894.925227
-1894.926356
-1894.927473
-1894.928583
-1894.929673
-1894.930767
-1894.931854
-1894.932932
-1894.933997
-1894.935059
-1894.936102
-1894.937146
-1894.938183
-1894.939211
-1894.940224
-1894.941235
-1894.942234
-1894.943228
-1894.944214
-1894.945190
-1894.946159
-1894.947120
-1894.948070
-1894.949015
-1894.949950
-1894.950879
-1894.951796
-1894.952710
-1894.953614
-1894.954510
-1894.955398
-1894.956280
-1894.957151
-1894.958016
-1894.958873
-1894.959722
-1894.960560
-1894.961395
-1894.962219
-1894.963036
-1894.963845
-1894.964647
-1894.965435
-1894.966221
-1894.966992
-1894.966992
-1894.966992
-1894.967379
-1894.967652
-1894.967860
-1894.968480
-1894.969096
-1894.969737
-1894.970398
-1894.971075
-1894.971763
-1894.972454
-1894.973144
-1894.973835
-1894.974514
-1894.975197
-1894.975865
-1894.976538
-1894.977159
-1894.977819
-1894.978441
-1894.979088
-1894.979688
-1894.980322
-1894.980933
-1894.981555
-1894.982163
-1894.982777
-1894.983387
-1894.983991
-1894.984588
-1894.985181
-1894.985763
-1894.986341
-1894.986912
-1894.987476
-1894.988033
-1894.988582
-1894.989126
-1894.989661
-1894.990190
-1894.990713
-1894.991228
-1894.991736
-1894.992238
-1894.992733
-1894.993221
-1894.993703
-1894.994177
-1894.994646
-1894.995107
-1894.995563
-1894.996012
-1894.996455
-1894.996893
-1894.997324
-1894.997750
-1894.998171
-1894.998583
-1894.998992
-1894.999394
-1894.999791
-1895.000184
-1895.000573
-1895.000956
-1895.001335
-1895.001709
-1895.002078
-1895.002441
-1895.002803
-1895.003158
-1895.003511
-1895.003862
-1895.004207
-1895.004551
-1895.004891
-1895.005224
-1895.005557
-1895.005890
-1895.006217
-1895.006546
-1895.006868
-1895.007209
-1895.007527
-1895.007870
-1895.008187
-1895.008518
-1895.008832
-1895.009138
-1895.009449
-1895.009770
-1895.010081
-1895.010386
-1895.010694
-1895.010992
-1895.011295
-1895.011603
-1895.011904
-1895.012193
-1895.012489
-1895.012770
-1895.012770
-1895.012770
-1895.012983
-1895.013053
-1895.013183
-1895.013445
-1895.013759
-1895.014083
-1895.014399
-1895.014727
-1895.014997
-1895.015307
-1895.015613
-1895.015898
-1895.016179
-1895.016439
-1895.016690
-1895.016935
-1895.017159
-1895.017378
-1895.017593
-1895.017786
-1895.017978
-1895.018171
-1895.018339
-1895.018520
-1895.018689
-1895.018846
-1895.019013
-1895.019172
-1895.019327
-1895.019487
-1895.019638
-1895.019793
-1895.019947
-1895.020093
-1895.020243
-1895.020387
-1895.020530
-1895.020673
-1895.020807
-1895.020946
-1895.021100
-1895.021244
-1895.021392
-1895.021538
-1895.021691
-1895.021838
-1895.021998
-1895.022149
-1895.022311
-1895.022468
-1895.022622
-1895.022778
-1895.022932
-1895.023088
-1895.023251
-1895.023408
-1895.023562
-1895.023718
-1895.023867
-1895.024021
-1895.024176
-1895.024329
-1895.024481
-1895.024634
-1895.024782
-1895.024932
-1895.025089
-1895.025240
-1895.025396
-1895.025546
-1895.025710
-1895.025860
-1895.026022
-1895.026174
-1895.026337
-1895.026492
-1895.026652
-1895.026809
-1895.026960
-1895.027118
-1895.027275
-1895.027433
-1895.027591
-1895.027747
-1895.027902
-1895.028054
-1895.028205
-1895.028353
-1895.028496
-1895.028635
-1895.028769
-1895.028897
-1895.029018
-1895.029133
-1895.029242
-1895.029344
-1895.029439
-1895.029528
-1895.029611
-1895.029611
-1895.029611
-1895.029574
-1895.029621
-1895.029630
-1895.029640
-1895.029667
-1895.029715
-1895.029801
-1895.029892
-1895.029974
-1895.030065
-1895.030148
-1895.030214
-1895.030269
-1895.030312
-1895.030359
-1895.030409
-1895.030465
-1895.030526
-1895.030592
-1895.030660
-1895.030735
-1895.030802
-1895.030879
-1895.030959
-1895.031036
-1895.031111
-1895.031179
-1895.031250
-1895.031320
-1895.031390
-1895.031459
-1895.031526
-1895.031596
-1895.031664
-1895.031735
-1895.031806
-1895.031879
-1895.031951
-1895.032024
-1895.032095
-1895.032167
-1895.032234
-1895.032301
-1895.032373
-1895.032445
-1895.032517
-1895.032589
-1895.032661
-1895.032733
-1895.032806
-1895.032878
-1895.032951
-1895.033024
-1895.033094
-1895.033163
-1895.033234
-1895.033301
-1895.033370
-1895.033436
-1895.033500
-1895.033557
-1895.033615
-1895.033672
-1895.033740
-1895.033770
-1895.033802
-1895.033832
-1895.033857
-1895.033885
-1895.033916
-1895.033953
-1895.033995
-1895.034040
-1895.034089
-1895.034142
-1895.034192
-1895.034244
-1895.034297
-1895.034347
-1895.034394
-1895.034446
-1895.034492
-1895.034538
-1895.034588
-1895.034635
-1895.034687
-1895.034737
-1895.034794
-1895.034846
-1895.034910
-1895.034974
-1895.035040
-1895.035108
-1895.035161
-1895.035235
-1895.035290
-1895.035343
-1895.035391
-1895.035440
-1895.035440
-1895.035440
-1895.035421
-1895.035448
-1895.035458
-1895.035485
-1895.035510
-1895.035538
-1895.035537
-1895.035554
-1895.035572
-1895.035594
-1895.035619
-1895.035605
-1895.035630
-1895.035652
-1895.035666
-1895.035680
-1895.035699
-1895.035717
-1895.035731
-1895.035744
-1895.035753
-1895.035762
-1895.035785
-1895.035793
-1895.035807
-1895.035822
-1895.035824
-1895.035847
-1895.035853
-1895.035863
-1895.035878
-1895.035905
-1895.035916
-1895.035943
-1895.035955
-1895.035969
-1895.035982
-1895.035998
-1895.036011
-1895.036023
-1895.036038
-1895.036059
-1895.036070
-1895.036084
-1895.036092
-1895.036106
-1895.036110
-1895.036126
-1895.036133
-1895.036141
-1895.036153
-1895.036163
-1895.036174
-1895.036180
-1895.036188
-1895.036198
-1895.036210
-1895.036219
-1895.036231
-1895.036244
-1895.036261
-1895.036279
-1895.036297
-1895.036315
-1895.036333
-1895.036351
-1895.036370
-1895.036388
-1895.036407
-1895.036429
-1895.036447
-1895.036471
-1895.036489
-1895.036508
-1895.036526
-1895.036547
-1895.036566
-1895.036588
-1895.036610
-1895.036632
-1895.036656
-1895.036680
-1895.036703
-1895.036730
-1895.036755
-1895.036780
-1895.036808
-1895.036833
-1895.036863
-1895.036890
-1895.036918
-1895.036948
-1895.036981
-1895.037011
-1895.037047
-1895.037077
-1895.037112
-1895.037146
-1895.037180
-1895.037180
-1895.037180
-1895.037184
-1895.037220
-1895.037241
-1895.037322
-1895.037411
-1895.037536
-1895.037600
-1895.037717
-1895.037770
-1895.037842
-1895.037937
-1895.038017
-1895.038112
-1895.038206
-1895.038300
-1895.038396
-1895.038486
-1895.038577
-1895.038671
-1895.038725
-1895.038800
-1895.038840
-1895.038882
-1895.038944
-1895.038994
-1895.039025
-1895.039051
-1895.039077
-1895.039113
-1895.039151
-1895.039167
-1895.039195
-1895.039228
-1895.039264
-1895.039290
-1895.039317
-1895.039337
-1895.039362
-1895.039388
-1895.039404
-1895.039414
-1895.039444
-1895.039453
-1895.039466
-1895.039479
-1895.039492
-1895.039508
-1895.039523
-1895.039538
-1895.039554
-1895.039563
-1895.039575
-1895.039589
-1895.039600
-1895.039616
-1895.039631
-1895.039641
-1895.039653
-1895.039660
-1895.039674
-1895.039678
-1895.039691
-1895.039696
-1895.039704
-1895.039714
-1895.039715
-1895.039728
-1895.039731
-1895.039737
-1895.039742
-1895.039749
-1895.039753
-1895.039759
-1895.039764
-1895.039769
-1895.039779
-1895.039782
-1895.039786
-1895.039794
-1895.039799
-1895.039807
-1895.039811
-1895.039818
-1895.039821
-1895.039826
-1895.039833
-1895.039839
-1895.039843
-1895.039848
-1895.039853
-1895.039858
-1895.039864
-1895.039868
-1895.039872
-1895.039877
-1895.039883
-1895.039888
-1895.039893
-1895.039899
-1895.039899
-1895.039899
-1895.039899
